17793.663437615403
20556.213308031194
23318.763178446985
30225.137854486467
32987.687724902265
42656.61227135753
44037.88720656543
46800.43707698122
46800.43707698122
53706.81175302071
56469.361623436496
57850.63655864439
57850.63655864439
59231.91149385228
64757.01123468387
70282.11097551546
73044.66084593124
75807.21071634705
84094.86032759443
85476.13526280232
96526.3347444655
100670.15955008917
111720.35903175235
115864.18383737603
122770.55851341551
126914.3833190392
133820.75799507872
135202.0329302866
144870.9574767419
147633.50734715766
